K11 = 711.5796967059883400
K12 = 0.0000000000000000
K13 = 319.5000000000000000
K21 = 0.0000000000000000
K22 = 713.1525855357484716
K23 = 239.5000000000000000
K31 = 0.0000000000000000
K32 = 0.0000000000000000
K33 = 1.0000000000000000

kc1 = -0.1788066164458794
kc2 = 0.0000000000000000
kc3 = 0.0000000000000000
kc4 = 0.0000000000000000
