K11 = 919.9433382360524547
K12 = 0.0000000000000000
K13 = 319.5000000000000000
K21 = 0.0000000000000000
K22 = 920.5874954377327413
K23 = 239.5000000000000000
K31 = 0.0000000000000000
K32 = 0.0000000000000000
K33 = 1.0000000000000000

kc1 = -0.2388422627416454
kc2 = 0.0000000000000000
kc3 = 0.0000000000000000
kc4 = 0.0000000000000000
