C1 = 0.491475 
C2 = -0.254948 
C3 = 9.153262 

P11 = -0.000142 
P12 = 0.001425 
P13 = -0.356503 
P21 = -0.001424 
P22 = -0.000140 
P23 = 0.427834 
P31 = 0.000025 
P32 = -0.000049 
P33 = -0.994050 
