C1 = 3.228370 
C2 = 5.998772 
C3 = 8.099408 

P11 = 0.000067 
P12 = 0.001143 
P13 = -0.579657 
P21 = -0.000969 
P22 = -0.000175 
P23 = -0.191967 
P31 = 0.000719 
P32 = -0.000346 
P33 = -0.938921 
