C1 = -1.346674 
C2 = 3.070948 
C3 = 9.085665 

P11 = -0.000041 
P12 = 0.001281 
P13 = -0.110079 
P21 = -0.001225 
P22 = 0.000044 
P23 = 0.005062 
P31 = 0.000442 
P32 = 0.000236 
P33 = -1.106815 
