K11 = 855.4745486815243112
K12 = 0.0000000000000000
K13 = 319.5000000000000000
K21 = 0.0000000000000000
K22 = 851.2363725320818730
K23 = 239.5000000000000000
K31 = 0.0000000000000000
K32 = 0.0000000000000000
K33 = 1.0000000000000000

kc1 = 0.2141987203813568
kc2 = 0.0000000000000000
kc3 = 0.0000000000000000
kc4 = 0.0000000000000000
