C1 = 0.246595 
C2 = -5.055681 
C3 = 9.806188 

P11 = -0.000116 
P12 = 0.001130 
P13 = -0.240101 
P21 = -0.000985 
P22 = -0.000114 
P23 = 0.793149 
P31 = -0.000553 
P32 = -0.000028 
P33 = -0.710673 
