K11 = 779.9321823725474587
K12 = 0.0000000000000000
K13 = 319.5000000000000000
K21 = 0.0000000000000000
K22 = 778.1566961972886247
K23 = 239.5000000000000000
K31 = 0.0000000000000000
K32 = 0.0000000000000000
K33 = 1.0000000000000000

kc1 = -0.0251598990575616
kc2 = 0.0000000000000000
kc3 = 0.0000000000000000
kc4 = 0.0000000000000000
